6 6
5 9
6 7
18 8
18 13
3 16
9 16
3 7
7 16
2 4
20 9
16 4
19 13
15 9
7 18
14 8
11 9
13 19
3 3
19 14
18 2
16 20
14 10
3 14
6 16
20 12
11 20
9 19
11 3
9 13
13 8
2 3
6 13
8 2
8 20
19 10
5 2
12 16
7 4
9 4
11 7
14 13
5 8
14 6
16 7
13 10
3 19
11 1
11 7
10 5
10 7
7 15
9 4
8 6
7 9
13 9
9 4
17 8
13 2
2 13
12 9
3 8
8 6
16 19
18 18
12 6
18 9
20 14
3 5
8 15
19 7
11 19
7 7
2 12
7 1
8 11
14 17
3 2
13 17
3 3
18 4
3 2
9 7
3 18
15 3
20 12
17 13
1 15
1 14
9 16
10 15
12 9
20 19
9 11
14 2
4 13
8 20
13 18
1 18
10 7
1 10
15 11
14 12
18 10
13 6
7 1
18 18
2 8
11 16
2 17
11 1
1 6
9 4
3 10
12 7
17 20
20 18
1 19
16 16
16 11
14 8
15 3
1 16
14 16
16 19
4 18
7 12
18 11
1 7
