24 1
39 35
5 13
34 9
3 26
18 26
3 5
3 6
1 37
19 28
28 13
11 23
7 17
22 30
24 37
16 37
36 12
17 23
2 1
32 39
20 7
15 29
16 35
4 4
12 17
19 16
11 26
3 14
34 16
4 18
16 33
6 21
29 16
2 32
22 38
16 31
11 31
37 3
29 10
33 28
22 32
2 16
25 34
36 13
26 7
29 40
13 40
3 7
15 3
11 35
9 39
36 36
15 33
23 1
29 26
36 21
36 38
40 22
23 16
10 25
3 19
2 32
9 24
33 24
14 36
13 14
6 17
22 20
22 1
19 13
29 39
4 37
8 2
6 1
13 38
20 39
13 20
29 5
28 32
19 13
1 6
37 16
24 8
30 10
15 1
36 15
13 13
29 24
3 10
13 10
25 25
10 12
34 2
1 11
5 17
2 14
34 22
35 16
23 16
2 26
20 15
22 36
33 11
29 36
38 12
32 19
7 16
10 17
17 5
38 36
36 19
24 29
24 28
17 33
24 12
19 37
32 20
36 6
32 40
11 19
2 4
32 40
7 12
15 38
8 21
38 2
20 25
39 4
36 3
5 10
7 11
17 30
26 24
14 7
40 14
20 19
27 32
26 31
18 6
13 12
37 33
23 38
31 38
29 3
31 40
23 8
15 32
39 21
30 2
5 3
15 39
11 37
13 25
5 8
17 26
8 9
3 16
16 35
35 10
11 26
29 31
14 1
24 6
15 21
21 38
8 22
23 23
25 36
34 10
14 30
14 28
27 40
37 25
7 6
37 9
11 19
23 2
38 26
25 18
15 28
9 33
21 16
37 36
12 31
40 3
31 1
39 6
33 20
8 6
20 1
30 24
37 15
33 27
36 26
26 12
7 12
27 4
23 20
34 9
39 7
7 16
23 1
15 35
18 24
35 39
40 1
17 13
19 23
24 36
32 21
16 26
19 4
34 11
1 17
17 30
23 21
3 23
36 4
2 25
5 10
32 19
35 23
33 2
35 38
28 27
27 37
20 34
34 16
27 14
17 15
23 33
30 13
35 33
22 20
34 3
1 20
24 38
24 12
15 18
31 32
31 22
16 22
39 37
31 14
21 25
30 21
8 9
19 11
40 16
19 37
39 38
28 39
33 29
6 4
2 30
29 29
5 3
27 25
25 19
1 32
6 38
19 27
11 22
26 36
34 13
13 5
34 25
37 14
13 38
22 37
27 15
29 38
26 15
6 27
11 16
18 16
20 30
4 35
16 38
39 20
2 14
10 18
40 14
35 7
34 23
17 19
35 2
40 18
27 24
5 23
23 31
10 32
29 10
38 34
11 1
34 7
27 11
10 23
16 1
25 23
34 33
32 18
5 2
25 30
30 21
36 16
15 40
16 23
29 14
38 31
22 23
35 10
33 28
26 33
6 18
33 3
2 16
25 11
33 6
8 17
32 13
38 30
17 18
31 20
31 16
31 12
6 37
35 3
13 15
36 27
36 35
33 33
2 24
36 20
19 40
24 25
23 21
16 33
9 2
28 10
19 10
22 26
32 28
33 9
21 6
34 2
37 18
32 23
13 29
33 32
6 23
32 35
4 32
27 14
4 25
40 6
24 38
37 35
20 22
36 22
4 16
17 39
24 29
34 8
1 36
30 9
28 38
10 14
12 12
36 18
33 8
2 16
40 17
28 24
15 28
38 3
11 38
7 6
25 34
24 26
16 23
2 31
25 3
37 12
18 18
35 26
9 4
25 3
7 35
32 4
25 28
28 15
27 22
14 23
6 31
19 39
39 32
20 35
15 32
11 20
26 13
6 39
20 5
38 17
19 10
9 27
4 12
24 20
16 32
13 37
19 9
37 35
34 3
17 26
6 26
38 30
35 7
33 11
