13 19
25 10
2 20
7 5
13 21
11 5
10 12
21 4
23 11
11 13
11 5
16 25
3 7
16 5
10 14
9 1
4 16
18 19
18 3
8 13
13 16
22 20
7 2
9 6
8 17
25 3
21 8
22 3
19 3
3 21
21 14
23 17
17 19
13 1
14 21
23 24
18 16
8 2
2 9
2 9
21 18
18 7
10 5
4 7
20 19
14 12
5 3
25 3
19 3
18 16
4 6
21 20
10 3
8 12
15 21
24 2
17 17
9 7
22 8
25 15
18 22
20 23
13 18
9 24
10 7
7 25
11 8
1 19
10 17
3 7
2 10
16 4
25 6
1 20
21 11
3 3
19 16
6 15
10 12
20 11
7 25
9 1
8 12
7 18
22 15
1 17
4 15
22 13
15 16
20 1
4 1
15 13
2 22
12 3
4 24
9 24
20 15
11 7
7 20
17 1
18 24
4 21
2 10
14 17
13 1
20 12
23 8
23 3
25 9
7 14
2 23
3 7
14 13
1 7
20 22
14 11
9 19
9 12
18 18
23 11
10 18
25 2
10 1
7 6
6 24
20 24
7 6
12 8
2 7
17 21
14 4
24 13
13 21
17 15
22 22
19 12
10 8
18 15
14 9
8 9
24 13
3 10
9 4
17 15
7 18
24 23
5 24
13 24
2 12
5 7
6 7
10 19
24 1
